87
832
57
841
604
534
693
1630
1850
879
243
-639
155
-450
-802
-554
-557
-1152
-586
335
993
615
840
1317
897
1464
1383
1476
1256
2175
2684
2455
2208
2117
2680
2660
3205
3149
3332
4190
3612
3712
2877
2282
3127
3140
2844
2734
1881
2805
2988
3787
4615
4746
4516
3645
3317
4289
3802
3334
2419
3007
3429
3302
4238
4433
5061
5236
6218
5579
5700
6255
5789
6659
7467
7256
7626
7779
7433
6853
5978
4988
4545
5510
5928
5243
5463
5161
5892
6670
6494
6225
5995
5481
5028
4705
5135
6031
5135
5165
5926
6127
6520
7132
7548
8208
8258
9157
10087
10365
10649
10502
10388
9916
10592
9627
9164
8430
8266
7404
8156
9024
9782
9696
9027
8774
8289
8729
8366
9252
8797
7896
8175
8951
8140
8437
8584
8858
9224
9165
9651
8896
8216
8249
8128
8750
8986
9287
9332
9812
8958
8743
7900
8031
7118
6600
6629
6454
6166
6918
7886
7545
7230
6256
5607
5150
5247
5821
5878
6539
6411
5944
6684
6473
6153
5419
5116
4135
3342
3522
3040
4003
3823
3432
2497
1864
2497
2589
2054
1277
2048
2469
3206
4080
4320
3558
3988
3446
3655
3267
3515
3596
4360
3373
4342
4836
5047
5507
5738
6556
7439
6601
6311
6146
6181
7163
7232
6948
7894
8117
7796
7524
8089
8948
9518
9904
10123
9273
9583
10413
11167
11965
11586
11361
10605
10877
11245
11520
12456
13396
14109
13833
13418
12465
12197
11403
11987
11086
11192
12175
12365
11882
12245
12819
13761
13671
13016
13288
13555
13099
13172
13343
12381
12886
13736
13381
13688
13506
12625
12534
12162
12651
11815
10910
11239
11462
10709
10715
10821
11330
11503
11691
12686
12472
12815
12466
12456
11975
11345
11847
11121
11442
10613
11175
11081
11864
11029
10367
11284
12134
12688
13454
13357
14029
14639
15370
14499
14105
14610
14958
15030
15036
15036